2 1:1 1 1:2 0 0 0 0 0 0 9 9 9 9 9 9 9 9 0 9 9 9 9 0 0 0 9 9 0 0 0 0 0 0 0 9 9 9 9 9 9 0 0 9 9 9 9 9 9 9
2 2 1:2 1:2 1 0 1:1 0 0 0 0 9 9 9 9 9 9 0 0 0 9 9 9 9 0 0 0 9 9 9 9 0 0 0 0 0 9 9 9 0 0 6 6 6 1 9 9 9 9 9
0 2 1 1:2 1 1:2 1:2 1 1:1 9 9 9 9 9 9 0 0 0 0 9 9 9 9 0 0 0 9 9 9 9 9 9 9 0 0 0 0 0 0 6 1 1 1 6 6 2 9 9 9 9
0 0 1 1 1:2 1:2 1 1 9 9 9 9 12 13 13 13 13 12 12 13 13 12 12 12 13 13 13 12 12 12 12 9 0 0 0 0 0 0 1:1 1:2 1 1 1:1 1:2 1:1 6 2 2 9 9
0 0 1:2 1 1 1:2 2 1:2 6 9 9 9 12 13 13 13 12 12 12 12 13 13 12 13 13 13 12 12 12 13 13 0 0 0 9 0 0 1:1 1 1 1:2 1:2 1 1 1 1 1 1 1 9
0 6 1:2 1:1 0 2 2 1:1 1 9 9 0 13 13 14 14 14 15 15 15 15 14 14 14 14 14 15 15 14 12 12 0 0 9 9 0 0 2 1:2 1:1 1:2 1 1:2 1 1 1 1:1 1 1:1 9
1 6 6 0 0 0 2 2 1 6 9 0 13 13 14 14 14 14 14 15 15 15 15 15 14 14 14 15 15 12 12 0 0 9 9 9 0 2 2 1:1 1:2 1:1 1 1 1 1:2 1 1 9 9
2 0 6 1:1 0 0 0 2 1:2 1 0 0 12 13 15 14 15 15 14 14 15 15 15 15 15 15 14 14 15 12 12 0 0 0 9 9 0 2 2 1 3 1:1 0 1:1 0 6 0 9 9 9
2 0 0 1:1 0 0 0 0 1:1 1 1:1 0 12 12 15 15 15 14 14 14 14 14 14 15 15 15 15 14 14 12 12 0 0 1:1 9 9 9 9 2 3 0 0 0 0 0 9 9 9 9 9
0 9 0 0 0 0 1:1 1:1 1 1:1 6 0 13 12 15 15 12 12 14 14 12 12 14 14 14 15 15 15 14 13 13 0 1 6 1 9 9 9 1 1 3 3 3 0 9 0 0 9 0 9
9 9 9 0 2 2 1 1:1 1:2 1:1 6 6 13 13 15 15 13 12 14 14 12 13 15 15 14 14 15 15 15 12 13 0 6 6 1:1 1:1 9 9 1 1 1 3 0 1 0 1 1 0 9 9
9 9 1 2 2 1 1:1 1 2 2 0 1:2 13 13 13 13 13 12 14 14 12 13 13 12 12 12 12 12 12 12 13 0 0 6 6 9 9 9 9 1 1:1 1:2 1 1 1:2 1 1:2 1:1 1 0
9 2 2 2 1:1 1 1:1 2 2 0 0 9 12 12 12 13 12 12 15 15 12 12 12 13 13 12 12 12 12 12 12 0 9 9 9 9 9 9 1 3 3 1:1 1 1 1 1:2 3 3 1:2 1
9 2 1 2 1:1 1 2 0 0 9 9 9 9 9 0 12 12 8 2 2 8 12 12 9 9 9 6 6 0 0 0 0 0 9 9 9 1:2 1 1:2 1 3 3 3 1:1 1 1 1:1 3 3 3
1:2 1:1 1:1 1:2 1:2 1 0 0 9 9 9 9 0 0 0 0 8 2 2 2 2 8 9 9 9 9 9 6 6 0 0 0 6 6 9 9 1 1:2 1 3 2 3 3 3 3 3 3 3 3 3
1:1 1 6 1:1 0 0 0 9 9 9 9 0 0 0 8 8 2 2 2 2 2 8 9 9 9 9 9 9 6 6 6 0 6 9 9 1 1 1:1 1 3 3 2 2 3 3 3 3 2 2 3
1 6 0 1 1 0 9 9 9 0 0 0 8 8 8 2 2 2 2 2 8 8 9 9 1 6 9 9 9 6 6 0 0 0 1:1 3 1 3 3 3 2 2 2 2 2 2 2 2 2 2
1:2 0 0 2 1:2 1 0 9 0 0 0 0 0 8 2 2 2 2 2 8 8 9 9 9 9 6 6 6 6 6 0 0 0 1:1 1 3 3 3 2 2 2 2 2 2 2 2 2 2 2 2
0 0 0 0 1:1 1:2 0 0 0 1 0 0 8 8 2 2 2 2 2 8 9 9 9 9 9 9 0 1:2 0 0 0 1 1 1:1 3 3 3 3 3 2 2 2 2 3 9 9 3 3 3 2
0 1 1:2 1:1 1:2 1 0 1:1 1 1:2 1 3 3 8 2 2 2 2 8 9 9 1 1:2 0 9 9 9 9 0 0 6 6 1 3 3 3 3 3 2 2 2 3 9 9 1 1 3 2 3 9
1 0 1 3 1:2 1:1 1 3 1 1:2 3 3 3 2 2 2 2 3 3 3 1:2 1 6 0 0 9 9 9 9 9 6 1:1 0 0 0 3 2 2 2 2 3 9 1 1:2 3 2 2 2 2 3
1:2 1 1:1 3 3 1 1 3 3 1 1:2 3 3 2 2 2 3 3 3 3 3 1 0 0 0 1:2 6 1:1 9 0 0 0 9 0 3 3 2 2 3 3 3 3 3 17 17 17 17 2 2 2
1 1 1:2 1:2 3 1 1:2 1 1:1 3 3 2 2 2 2 2 3 3 3 3 3 3 1 1 6 6 6 0 0 0 0 9 9 3 3 2 2 2 2 3 3 2 2 2 2 2 2 2 1:1 1:1
1 1:1 1 1:2 1 1 1:1 3 2 2 2 2 2 2 2 3 3 3 1:1 3 3 3 1:1 6 6 9 0 9 0 0 1:1 9 1 3 1 2 2 2 2 3 1 1 1:1 2 2 2 2 1 1 1:1
1 1:2 1 1 1 1 1:1 2 2 2 2 2 2 2 3 3 3 1:1 1:1 1 3 1 9 1:1 9 9 9 9 0 1:2 1:1 1:1 1 1 2 2 2 3 3 3 1 13 12 12 12 12 12 13 1 1:2
0 1:2 1 3 1:1 1:2 2 2 2 2 2 2 3 3 3 1:2 1 1 1:2 1 1:2 9 9 9 9 0 0 9 9 0 9 1 1:1 2 2 2 3 3 3 3 3 12 17 17 5 16 16 12 1:2 1:1
0 1:2 1:1 0 3 1 2 2 2 2 3 3 3 3 0 0 1:1 1 1 1 1 6 1:1 9 0 0 0 0 9 9 1:1 1 1:1 2 2 2 2 3 9 9 3 12 17 17 5 5 5 12 1 1
0 1:2 0 0 8 2 2 2 2 3 3 1:1 3 3 0 0 1:2 1:2 6 1:1 6 6 0 0 0 0 9 9 9 1 1:2 1 2 2 2 2 2 2 1:2 9 1 12 5 5 5 14 17 12 1:1 1
0 0 0 8 2 2 2 2 2 3 1 1 3 3 3 0 0 6 0 6 6 6 6 0 0 0 0 9 0 9 9 1:2 2 2 2 9 3 2 2 1:2 1:2 12 12 5 5 14 17 12 1 1:2
0 0 0 8 2 2 2 2 2 1:2 1 1 1 3 3 0 0 0 0 1 6 0 6 1:2 1:1 0 9 9 0 0 1:1 1:1 2 2 2 9 9 1:2 2 2 2 2 5 5 5 14 5 12 1 1:2
0 9 8 8 2 2 2 2 2 1 1 1 0 3 3 3 0 0 0 0 6 0 0 0 9 9 9 9 0 0 1:1 1 3 2 2 2 9 1:2 1 1 2 12 12 5 5 14 17 12 1 1:2
9 9 9 8 8 2 2 2 2 2 1 1 0 0 3 3 3 9 0 0 6 0 0 9 9 9 9 9 9 0 1 3 3 2 2 2 1:2 17 1 17 1:2 12 5 5 5 17 17 12 1 1
0 9 9 9 8 2 2 2 2 2 2 1:2 1:1 0 0 3 9 9 9 6 6 1 9 9 9 9 9 9 9 9 1:2 3 2 2 2 2 1 17 1 17 1:2 13 12 12 12 12 12 13 1 1
0 9 9 8 3 1:1 2 2 2 2 2 1 0 0 0 0 0 9 9 9 1:1 9 9 9 9 9 9 9 9 9 9 3 2 2 2 2 1 17 1 17 1:1 1:2 0 0 0 1:2 1:2 1:1 1:1 1
0 0 9 3 3 3 1 2 2 2 2 2 1 1 0 1 0 9 9 9 9 9 9 9 1:2 6 6 1:2 9 9 9 1:2 2 2 2 1 1:2 17 1 17 1:1 1:2 1 0 1 1:1 1:2 3 3 3
1:1 0 9 9 3 1:2 1 1:2 2 2 2 2 2 2 1 1 1:1 9 9 9 9 9 9 1:1 6 6 1:1 1:1 1:1 9 3 2 2 2 2 9 1 1:2 1 1:1 1:2 1 1 1:1 1:1 1:1 3 3 3 4
1 0 0 1 3 1 1 1:2 1:1 2 2 2 2 2 2 2 1:1 1 1:1 9 9 9 3 3 6 1 1 3 3 3 2 2 2 2 2 9 9 3 3 3 1:2 1:1 1 3 3 3 3 3 3 4
0 0 0 1:1 1 3 1 1:1 1 1 3 2 2 2 2 2 2 1:1 1:1 1:1 1:1 9 9 3 3 3 3 3 3 3 2 2 2 2 9 3 9 9 2 2 2 3 3 3 3 3 3 4 4 4
1 1 0 1:2 1:1 1 1:1 1 1:2 3 3 3 3 2 2 2 2 2 2 2 1 1 9 9 9 3 3 3 3 2 2 2 2 3 3 3 4 4 4 2 2 2 3 3 4 4 4 4 4 4
1:2 1 2 1 1 3 1 1:2 3 3 3 3 3 3 2 2 2 2 2 2 2 2 2 2 2 2 2 2 2 2 2 2 2 3 3 4 4 4 4 4 4 3 3 4 4 4 4 4 4 4
1:2 1 2 2 1 1:2 3 3 3 3 1:1 1:2 3 3 3 2 2 2 2 2 2 2 2 2 2 2 2 2 2 2 2 2 2 2 3 4 4 4 4 4 4 3 1:2 4 4 4 4 4 9 4
1 2 2 2 0 1:1 1 3 3 1 1:2 1:2 1 3 3 3 3 2 2 2 2 2 2 2 2 2 2 2 2 1 1 1:1 2 2 8 4 4 4 4 9 3 3 4 4 4 4 4 9 9 9
2 2 2 0 0 1:1 1:2 1:2 1 1:2 1 1:1 1 3 3 3 3 3 3 3 2 2 2 2 2 2 1:1 3 3 3 1:1 1:1 1:1 2 8 8 4 4 9 9 3 4 4 4 4 4 4 9 9 4
2 2 2 0 0 0 1:1 0 3 1 1 1 1:1 1 3 3 3 3 3 3 3 1:2 1:2 1 1:2 3 3 3 3 1 1:2 1:2 2 8 8 3 3 3 9 3 3 4 4 4 4 4 9 9 4 4
2 2 2 2 0 0 0 0 1:2 3 1 1:1 3 3 3 3 0 3 3 3 3 3 3 3 3 3 9 3 1 1:2 1:1 2 8 3 3 3 3 3 3 3 4 4 4 4 4 4 4 9 4 4
2 2 0 2 0 3 0 0 0 1 1 1 3 3 0 3 0 0 3 3 3 3 3 9 1 9 9 9 1:2 3 3 3 3 3 3 3 3 3 3 4 4 4 4 4 4 4 4 4 4 4
2 1 0 0 0 3 3 0 3 3 1:1 3 3 0 0 0 0 3 3 0 0 3 9 9 9 9 9 4 4 4 4 4 3 3 3 3 4 4 4 4 4 4 4 4 4 4 4 4 4 4
2 0 0 0 9 0 3 3 1 3 3 3 3 3 3 0 0 0 0 0 1 1 9 9 4 9 4 4 4 4 4 4 4 4 4 4 4 4 4 4 4 9 4 4 4 4 4 4 4 4
1:1 1 1:2 0 9 9 3 1 1 1 1:1 1:1 3 3 0 0 0 0 0 1 1 9 9 4 4 4 4 4 4 4 9 4 4 4 4 4 4 4 9 4 9 9 4 4 4 4 4 4 4 4
1:1 1:2 1:1 1:2 0 9 0 1:1 1:1 1 1:1 3 3 0 0 0 0 1:1 1 1 1:1 4 4 4 4 4 4 4 4 9 9 4 4 4 4 4 4 9 9 9 9 9 9 4 4 4 4 4 4 4
