9 9 9 9 9 9 9 0 0 14 27:1 27:1 27:1 27:1 14 0 0 0 9 9 9 0 0 0 0
9 9 9 9 9 9 9 0 0 14 27 27:1 27 27 14 9 9 0 0 0 9 0 0 9 9
9 9 9 0 0 0 9 9 0 14 14 27 27 14 14 0 9 9 0 0 9 0 0 9 0
9 9 9 9 0 0 0 9 9 9 0 27:1 27:1 9 0 0 0 9 9 9 9 9 9 9 0
9 9 9 0 0 0 9 9 0 9 9 27:1 27:1 27:1 0 0 0 9 9 9 0 9 9 9 9
9 9 9 9 0 9 9 0 0 0 25:1 27 27 25:1 25:1 0 9 9 0 9 0 9 9 0 0
0 9 9 0 0 0 9 0 25 25 25 25 27 25 27 7 0 0 0 9 0 9 9 9 0
0 9 9 0 0 0 25:1 25:1 25 25 27:1 27:1 27:1 7 7 7 7 7 0 0 0 9 9 9 9
0 0 9 0 7 25 25:1 25 7 27:1 27:1 25:1 27:1 27 7 25 7 2 2 0 9 9 0 0 9
0 0 0 7 7 7 25:1 7 7 7 25:1 7 27 25 25 7 7 7 7 2 9 9 0 0 9
25:1 7 7 25 25:1 7 7 7 7 25:1 25 25:1 7 7 25:1 25 9 7 7 7 0 0 0 9 9
25:1 25:1 25:1 25 7 7 25:1 7 25 25 7 7 7 7 10 10 9 9 25:1 7 7 0 0 9 0
7 7 25:1 25:1 25 25 7 7 25 7 10 7 10 10 10 9 9 10 10 10 7 0 9 9 9
9 9 0 25:1 7 7 7 7 7 7 7 10 10 4 4 9 4 4 4 10 10 0 9 4 4
0 9 9 0 25:1 25:1 7 7 7 10 10 10 4 4 4 4 4 4 4 4 4 4 4 4 4
9 9 9 0 0 25 25 7 7 7 10 4 4 4 4 4 4 4 4 4 4 4 4 4 0
9 9 9 9 0 0 7 7 7 7 10 4 4 4 4 4 4 4 4 4 4 9 9 9 0
0 0 9 0 0 0 7 7 7 7 10 4 4 4 4 4 4 4 9 9 9 9 9 0 0
0 0 9 0 0 0 9 0 7 7 7 10 4 4 4 4 4 4 0 9 9 9 9 9 9
0 9 9 0 0 9 9 0 0 7 7 10 4 4 4 4 0 0 0 0 9 9 9 9 9
9 9 0 0 9 9 0 0 0 0 0 0 4 4 4 4 9 9 0 0 9 9 9 9 9
9 9 9 9 9 9 0 0 0 0 9 9 0 4 4 4 9 9 9 9 9 0 9 9 9
0 0 9 9 9 9 9 9 0 0 9 9 0 4 4 4 4 9 9 9 9 9 0 9 9
0 0 0 0 0 0 0 9 0 9 9 0 0 0 4 4 4 0 0 0 0 9 9 9 9
0 0 0 0 0 9 9 9 9 9 0 0 0 0 4 4 4 0 0 0 0 9 9 9 9
