0 0 0 0 0 0 0 0 0 0 0 12 14 14 14 12 0 0 0 0 0 0 0 0 0 0 0 0 0 0 0
0 0 0 0 12 12 12 12 12 12 12 12 14 14 14 12 0 0 0 0 0 0 0 0 0 0 0 0 0 0 0
0 0 12 12 12 14 14 14 14 14 14 14 14 14 14 12 12 12 12 12 0 0 0 0 0 0 0 0 0 0 0
0 0 12 14 14 14 14 14 14 14 14 14 14 14 14 14 14 14 14 12 0 0 0 0 0 0 0 0 0 0 0
0 0 12 14 14 14 14 14 14 14 14 14 14 14 14 14 14 12 12 12 0 0 0 0 0 0 0 0 0 0 0
0 0 12 14 14 14 14 14 12 12 12 12 12 12 12 14 14 12 1:1 1 1 0 0 0 0 0 0 0 0 0 0
0 0 12 12 12 12 14 14 12 0 0 0 0 0 12 23 23 23 1:1 1:1 1:2 1:2 0 0 0 0 0 0 0 0 0
0 0 0 0 0 12 23:1 23 23:2 23:3 0 0 0 0 1:2 23 23 23:3 23 1 1 1 0 0 0 0 0 0 0 0 0
0 0 0 0 23 23:4 23 23 23:4 23:1 0 0 0 0 1 23 23 23:4 23 1:2 1 1:2 0 0 0 0 0 0 0 0 0
0 0 0 0 23 23:2 23:4 23:4 23:3 23 0 0 0 0 1:2 23:4 23 23 23:3 1:1 1 0 0 0 0 0 0 0 0 0 0
0 0 0 1 1:2 1 23:2 23:2 23:1 23 1 1 0 0 0 1:1 23:4 23:3 0 0 0 0 0 0 0 0 0 0 0 0 0
0 0 0 1 1:2 1:2 1:1 23 23 23:2 23:4 1:2 0 0 0 1:2 23 23:2 23 1 0 0 0 0 0 0 0 0 0 0 0
0 0 0 0 1:2 1:1 1:1 23 23:1 23:1 23:1 23:3 1 1 0 0 23 23:1 23 0 0 1:2 1:2 0 0 0 0 0 0 0 0
0 0 0 0 0 0 0 1 23 23:2 23:4 23 23 1 1:2 0 23:2 23:4 23:4 0 1:1 1 1 1:1 0 0 0 0 0 0 0
0 0 0 0 0 0 0 0 23:2 23 23:1 23:1 23 23:4 23:2 23 23:2 23 23 23 1:1 1 1 1:2 1 0 0 0 0 0 0
0 0 0 0 0 0 0 0 0 23 23:2 23 23 23 22 22:1 23 23:2 23 23 23 1:1 1:2 1 0 0 0 0 0 0 0
0 0 0 0 0 0 22 0 0 0 0 23 23 22:1 22:1 22 22:1 22:1 23:1 23 23 1:2 1 0 0 0 0 0 0 0 0
0 0 0 0 0 22 22:1 22 22 22 0 0 0 22:1 22:1 22:1 22:1 22 23:2 23 1 1 0 0 0 0 0 0 0 0 0
0 0 0 0 22:1 22:1 22 22:1 22 22 22:1 22 22:1 22:1 22 22:1 22 22:1 0 0 0 0 0 0 0 0 0 0 0 0 0
0 0 0 0 22 22:1 22 22:1 22 22 22 22 22:1 22:1 22 22 22:1 0 0 0 4 4 4 0 0 0 0 0 0 0 0
0 0 0 0 22:1 22 22 22 22:1 22:1 22 22 22:1 22 22 22:1 22 10 4 4 4 4 4 4 4 0 0 0 0 0 0
0 0 0 0 0 22 22:1 22:1 22 22:1 22 22 22:1 22:1 22:1 22 22:1 10 10 4 4 4 4 4 0 0 0 0 0 0 0
0 0 0 0 0 0 0 22:1 22 22 22 22:1 22 22 22:1 22:1 22:1 22:1 10 10 10 4 4 4 0 0 0 0 0 0 0
0 0 0 0 0 0 0 0 0 22 22:1 22 22:1 22:1 22:1 22:1 22 22 22:1 10 10 10 4 0 0 0 0 0 0 0 0
0 0 0 0 0 0 0 0 0 0 0 0 0 0 22 0 0 22:1 22 22 22 10 0 0 0 0 0 0 0 0 0
0 0 0 0 0 0 0 0 0 0 0 0 0 0 0 0 0 0 0 0 0 0 0 0 0 0 0 0 0 0 0
0 0 0 0 0 0 0 0 0 0 0 0 0 0 0 0 0 0 0 0 0 0 0 0 0 0 0 0 0 0 0
0 0 0 0 0 0 0 0 0 0 0 0 0 0 0 0 0 0 0 0 0 0 0 0 0 0 0 0 0 0 0
0 0 0 0 0 0 0 0 0 0 0 0 0 0 0 0 0 0 0 0 0 0 0 0 0 0 0 0 0 0 0
0 0 0 0 0 0 0 0 0 0 0 0 0 0 0 0 0 0 0 0 0 0 0 0 0 0 0 0 0 0 0
0 0 0 0 0 0 0 0 0 0 0 0 0 0 0 0 0 0 0 0 0 0 0 0 0 0 0 0 0 0 0
