28 28:2 28:1 28:2 28 28 0 9 9 22 22 22:1 0 0 9 9 9 0 0 0 0 0 22:1 22 22:1
28:3 19 21 20 19 28:2 22:1 0 9 0 22 22 23 0 0 0 9 9 9 0 22 22 22 22:1 22:1
28:2 27 27:1 27:1 27:1 28:1 22 0 9 9 22:1 23:2 23:4 1:1 1 0 0 9 12 12 12 12 12 12 12
28 28:1 27:1 27 28:2 28 22 0 0 9 0 23 1 1:1 16 15 15 15 12 14 14 14 14 14 12
22:1 28 5 5 28 10 22 10 9 9 9 23:3 23:4 1:2 15 14 14 14 14 14 15 15 15 14 12
22:1 22:1 22:1 10 10 10 10 10 0 9 9 0 23:3 23 15 14 14 14 14 14 15 15 15 14 12
22:1 22:1 10 10 17 17 17 10 10 0 9 9 23 23:4 15 14 15 15 12 14 14 14 14 14 12
3 3 10 10 17 17 17 10 10 22:1 0 9 23 23 15 14 15 7 12 12 12 12 12 12 12
3 3 3 10 10 10 10 10 22:1 22 0 7 23:3 14 15 14 15 7 7 7 7 22 0 0 0
4 4 3 3 22 22:1 10 22:1 22:1 22 7 7 7 7 14 7 15 14 7 7 22:1 22 22:1 0 0
4 4 4 3 3 22 22:1 22 22:1 22 7 7 7 7 7 7 7 15 7 7 22:1 22 22 0 0
4 4 4 3 3 22 22 22 22:1 7 7 7 7 7 7 25 7 7 7 22 22 22 22:1 23 0
4 4 4 4 3 3 22 22:1 7 7 7 7 7 25 25:1 25 25 7 7 23 22:1 22:1 23:1 23 23
4 4 4 4 3 3 7 7 7 7 7 7 25 25:1 25 2 2 7 7 23:3 23 23:1 23 23 23
4 4 4 4 3 3 7 7 7 7 7 7 7 25:1 7 7 2 2 7 7 7 23:1 23 3 3
4 4 4 4 3 3 3 7 7 2 7 7 7 7 7 7 7 7 7 7 7 3 3 3 3
4 4 4 4 4 3 3 3 2 2 2 7 7 7 7 7 7 7 3 3 3 3 3 0 0
4 4 4 4 4 3 3 3 3 3 2 2 7 7 3 3 3 3 3 3 3 4 0 9 9
4 4 4 4 4 4 4 4 3 3 3 2 2 2 3 3 4 4 4 4 4 0 9 9 0
4 4 4 4 4 4 4 4 4 3 3 0 2 3 3 4 4 4 4 0 0 9 0 0 0
4 4 4 4 4 4 4 4 3 3 9 9 0 3 4 4 4 0 0 0 0 0 4 9 9
4 4 4 4 4 4 9 3 3 9 9 0 3 3 4 4 4 4 0 4 0 4 0 9 0
4 4 4 4 0 0 0 9 9 3 0 3 3 4 4 4 4 4 4 4 4 9 9 4 0
4 4 4 4 4 0 4 4 9 3 3 0 4 0 0 4 4 4 4 0 9 9 4 4 4
4 4 4 4 4 4 4 4 4 4 4 4 4 4 0 4 4 4 4 4 4 4 4 4 4
