0 0 22 22:1 0 9 9 9 9 9 0 22 22 0 22 22:1 9 9 12 14 14 12 9 9 0 0 0 0 0 0 0 0 0 9 9 0 0 9 9 9
9 22:1 22:1 7 7 0 0 9 9 0 0 0 0 22 22:1 9 9 0 12 14 14 12 9 9 9 0 0 0 0 0 0 0 0 0 9 9 9 9 9 9
9 22:1 7 7 7 7 0 0 9 0 22:1 22:1 22:1 22:1 22:1 9 0 0 12 14 14 12 0 0 9 0 0 0 0 0 9 9 0 0 0 9 9 0 0 0
22:1 22 0 28 28:1 28 28:2 28:3 28 28:1 28 28 22 22:1 9 0 0 9 25:1 25:1 14 25:1 25:1 0 9 0 0 0 9 9 9 9 9 9 9 9 9 9 9 0
22:1 22 0 28:1 20 19 21 27 19 19 5 28:3 22 0 0 0 25:1 25:1 25:1 25:1 25:1 25:1 7 9 0 0 0 9 9 0 0 0 9 9 9 0 0 9 9 0
22:1 22 7 28 5 5 27:1 27 5 5 27:1 28 0 0 9 0 0 25:1 7 7 25:1 7 7 0 0 0 0 9 0 0 0 0 0 9 9 25:1 25 25:1 9 9
0 7 7 27 27:1 27:1 5 5 5 27 27:1 28:2 0 22 22:1 9 9 9 7 25 7 7 7 25:1 0 0 0 0 0 0 0 0 0 9 25:1 7 7 7 7 25
0 0 0 28:2 5 27:1 27:1 28 28:2 27 28:1 28 22:1 22:1 25 25:1 25:1 7 7 7 7 25 25 25:1 25 7 0 0 0 0 0 0 0 0 7 7 7 25 25 7
0 0 9 28:1 5 5 27 28:3 27:1 27:1 27:1 27 22 25:1 25 7 7 7 22 25:1 25 25:1 25:1 7 7 22 0 0 0 9 9 0 0 7 7 25 7 7 25:1 25
0 9 22:1 28 19 19 18 28 22 27 27:1 22:1 22:1 22:1 25:1 7 22 22 22 22 25:1 7 7 22 22:1 22:1 22 0 0 9 9 0 0 7 25:1 25 7 0 0 0
9 9 22 28 28:3 28 28 28:2 22:1 22:1 22:1 22:1 22 22:1 22 22:1 22 22 22 22 7 7 22 23 23:2 23:3 22:1 0 0 0 9 0 7 25 25:1 7 0 0 9 9
22:1 22:1 22 22 22:1 22 22 22 22:1 22:1 22 25:1 25 22 22:1 25:1 25 25:1 22:1 22:1 22:1 23 23 23 23:2 23:4 22:1 22:1 0 0 9 9 7 25 7 9 9 9 9 9
22:1 22 22 22 22 22:1 22 22 23:1 23:2 22 22:1 25:1 25 25:1 25 22:1 22:1 22:1 23:3 23 23:4 23:4 1 1:1 1 1:2 22:1 22:1 0 9 9 25 7 7 9 9 0 0 0
9 22 23 23:1 23:3 22:1 22:1 23:4 23:3 23:4 23:3 22 22 25:1 22 22 22 23:2 23:2 23 1 1:2 1:1 1 1:1 1:1 1:1 23:1 22 0 9 9 9 7 22:1 0 9 9 9 0
9 23:4 23:2 23:3 23 23 23 23:1 23 22:1 22:1 22 22 22:1 22:1 22:1 23 23:2 1:2 1:1 1 1 1:2 1:2 1 1:2 23 23 22 0 9 9 9 22 22:1 25:1 0 0 9 9
22 22:1 22 23:2 23:4 23 22 22:1 22:1 22 25 22:1 22:1 22:1 22 23:3 23:4 1:2 1 1:1 1:2 1:1 1:2 1:1 23 23 23:3 23 22:1 9 9 9 0 22:1 22 22 0 0 0 0
22:1 22 22 22:1 9 9 25:1 22 25 25:1 23:1 23 22:1 22 22 23:4 23 23:2 23:2 1 1:1 23 23 23 23 23:1 23 22:1 9 9 9 9 0 0 22:1 22:1 0 0 0 0
22:1 22:1 9 9 9 25 25 25 25:1 23:2 23:2 23 23:3 22 0 22:1 23:4 23 23 23:3 23 23:2 23 23 22:1 22 22:1 9 9 9 9 9 9 0 22:1 22 0 0 0 0
23:3 22 22:1 22:1 9 9 9 25 23 23:1 23 23 23:2 0 0 0 22 22 23:3 23 23:2 23 9 22:1 9 9 9 9 9 0 0 9 9 0 22 22 0 9 9 0
23 23:3 22:1 9 9 9 22:1 22:1 23:1 23:2 23 1 23 23 0 0 0 22 22:1 23 23 22:1 22 9 9 9 9 9 0 0 0 9 9 9 22:1 22 22 0 9 9
23 23:3 9 9 9 22:1 23 23:3 23:3 23 1:2 1 1:2 23 0 0 22 22:1 22 22 22:1 9 9 9 9 9 0 0 0 0 0 9 9 9 0 22:1 22:1 0 9 9
23 22:1 22:1 9 22 22:1 23 23:2 1:1 1:1 1 1 23 23 0 22:1 22 22 22 22 9 23 9 9 9 0 0 22:1 22:1 22 0 0 9 9 0 22 22 22 0 9
22:1 22:1 9 9 22 23:1 23 1:1 1 1:1 1 1 1 23:2 23:2 23:1 22 22:1 22 22 22:1 23:2 23:4 9 23:4 23 22 22 22 22:1 22:1 22 22:1 9 9 9 22 22 0 9
22 22:1 22:1 9 22 23 23 23:1 1 1 1:2 1 1:2 1 23 23 22 22:1 22:1 23 23:4 23:1 1 1 23 23:4 23 23:4 22:1 22:1 22:1 22:1 22 22 9 22:1 22:1 22:1 9 0
22:1 22:1 22:1 22:1 9 22 23 23 23 1 1:1 1:2 1:2 1:1 23 22 22:1 22:1 23 23 1 1 1 1:1 1:1 1:1 1:2 23:3 23 23:4 22:1 22:1 22 22 22:1 22:1 22 9 9 9
22 22:1 22:1 22:1 22 22 22 23 23 1 1:1 1:1 1:1 23:3 23 22 22 23 23:4 1 1 1 23 23:2 1 1:2 23 23 23:3 23 9 0 22:1 22:1 22 22:1 0 0 9 9
9 9 22 22 22 22:1 22:1 22 23:1 23:1 1:2 1:1 1:2 23 23:4 23:1 23 23 1:2 1:1 23 23 23 23:4 23 23:1 23 22 22 0 9 9 0 0 9 9 0 0 9 9
22:1 9 9 22:1 22:1 22 22:1 22:1 23:1 23:2 1:2 1:1 1 1 23:3 1 1:1 1:1 1:2 23 23 22 22 23 23:1 22 22:1 22:1 10 0 0 9 9 0 0 9 9 0 0 9
22:1 22:1 9 9 9 22:1 22 22 22:1 23 23:1 1:2 1:2 1:1 1 1:2 1:2 1 1 23 22 22 22:1 22 22:1 22 22:1 10 10 4 9 9 9 9 0 0 0 0 9 9
23:2 22:1 22:1 9 22:1 22:1 22 22 22 23 23:3 1:1 1 1 1:2 1 1:1 1 23 23:2 22 10 10 22 22 10 10 10 4 4 4 9 0 9 9 9 0 0 9 0
23:1 23:1 23:2 22:1 22:1 22 22 22 22 23 23:1 1:2 1:1 1:1 1:1 1:2 1:2 1 23:4 22:1 22:1 22 10 10 10 10 4 4 4 4 9 0 0 9 9 0 0 9 9 0
1:2 1:1 23 23:2 23:2 23:4 22 22:1 23 23:1 23:4 23:1 1 1 1 1:2 1 23 23 22:1 22:1 10 10 10 4 4 4 4 4 0 0 0 7 7 9 0 0 0 0 0
1 1:2 1 1:1 23 23 23 23 23 23 23 23:2 23:3 23:3 1 1:1 1:2 1:1 23:4 23:1 22 10 9 4 4 9 9 0 0 9 9 7 7 7 7 7 0 0 9 0
23:2 1 1 1:1 1 23:4 1 1:2 23:3 23 23:3 23 23 9 9 23 1:2 1 1:1 23:3 23 9 9 9 0 0 9 9 9 9 0 7 7 7 7 7 7 0 9 9
23 23 23:1 1 1:2 1 1 1 1 23:3 23:3 9 9 9 23 23 23:1 1:2 1:2 23:2 23 23 0 9 9 0 0 9 0 7 7 7 22:1 22 22:1 7 7 7 7 9
23:1 23 23 1 1 1:2 1 23 23:3 23 0 0 9 23 23:4 23 23 1:1 1 1 23:2 23 23:1 23 0 9 9 22:1 22:1 22:1 7 22 22:1 22 22 22 7 7 7 7
23:4 23 23 23:1 1:2 1:1 23:4 23:2 0 0 0 9 9 23 23:3 23 23:3 23:2 1 1:1 1 23:3 23 23 23:2 9 22:1 22:1 22 22 22 22 22 22 22:1 22:1 7 7 7 7
23 23:2 23:3 23:1 23:3 23:3 0 0 0 9 9 0 0 23:1 23 23 23 23:4 1:2 1 1 1 1:1 23 23:3 23:1 22 22:1 22:1 22:1 23 23:2 22 22 22 7 7 22 22 7
9 9 23:4 23:4 23 9 9 0 0 0 9 0 9 0 0 23 23:2 23:1 23 1:2 1 1:2 1:2 1:2 23 23 23:2 22:1 22:1 23:3 23:2 23 23:1 22 22 7 22 22 22:1 22
0 9 9 9 0 0 9 9 0 9 9 0 9 9 0 0 9 23 23:3 23:3 1:1 1 1 1 1:2 23:1 23 23:1 23 23 23 23 23:2 23 22 22 22:1 22:1 22:1 22
