28:3 28 28:2 28:3 22:1 22 22 3 3 4 4 4 4 4 4 4 4 4 4 4 4 4 4 4 4
28 19 27 28:2 28 22:1 22 3 3 4 4 4 4 4 4 4 4 4 4 4 4 4 4 4 4
28 21 27:1 27 5 22:1 10 10 3 3 4 4 4 4 4 4 4 4 4 4 4 4 4 4 4
28 20 27:1 27:1 5 10 10 10 10 3 3 3 4 4 4 4 4 4 4 4 4 4 4 4 4
28 19 27:1 28:2 28:1 10 17 17 10 22:1 3 3 3 3 3 3 4 4 4 4 4 4 0 4 4
28 28:3 28:3 28:2 10 10 17 17 10 22:1 22:1 22 3 3 3 3 3 3 4 4 4 4 0 0 4
0 22:1 22 22 22 10 17 17 10 10 22:1 22 22:1 7 7 3 3 3 4 4 4 9 0 4 4
9 0 0 0 10 10 10 10 10 22:1 22:1 22 22 7 7 7 3 3 4 4 4 3 9 4 4
9 9 9 0 9 0 10 10 22 22:1 22:1 22:1 7 7 7 7 2 3 3 4 3 3 9 9 4
22 0 9 9 9 9 0 22:1 22:1 22 22:1 7 7 7 7 2 2 3 3 3 3 9 3 3 4
22:1 22:1 22 0 9 9 9 0 0 7 7 7 7 7 7 7 2 2 3 3 9 9 0 3 4
22 22:1 23 23 23:4 0 9 9 7 7 7 7 7 7 7 7 7 2 2 0 9 0 3 0 4
0 23 23:3 1:1 23:2 23:2 23 23:2 23:1 7 7 7 7 25 7 7 7 7 2 2 0 3 3 4 4
0 0 1:1 1:1 1:2 23:2 23 23:3 14 7 7 7 25:1 25 25:1 7 7 7 2 3 3 3 4 0 4
9 0 1:2 16 15 15 15 15 15 14 7 7 25 25:1 7 7 7 3 3 3 4 4 4 0 0
9 0 0 15 14 14 14 14 14 7 7 25:1 25:1 2 7 7 7 3 3 4 4 4 4 4 4
9 9 0 15 14 14 15 15 15 15 7 7 25 2 2 7 7 3 4 4 4 4 4 4 4
0 9 9 15 14 14 15 7 7 14 15 7 7 7 2 7 7 3 4 4 0 4 4 4 4
0 9 12 12 14 14 12 12 7 7 7 7 7 7 7 7 3 3 4 4 0 0 4 4 4
0 0 12 14 14 14 14 12 7 7 7 22 23:3 23:3 7 7 3 3 4 0 0 4 4 0 4
0 22 12 14 15 15 14 12 7 22:1 22 22 22:1 23:3 7 7 3 3 4 0 0 0 4 9 4
0 22:1 12 14 15 15 14 12 22:1 22:1 22 22:1 22:1 23:3 23 3 3 4 0 9 0 4 9 9 4
22 22 12 14 15 15 14 12 0 22:1 22:1 22:1 23:4 23:1 23 3 3 0 9 0 4 0 9 4 4
22:1 22:1 12 14 14 14 14 12 0 0 0 23:3 23 23 3 3 0 9 9 0 9 9 4 4 4
22 22 12 12 12 12 12 12 0 0 0 0 23 23 3 3 0 9 0 0 9 0 0 4 4
