1:1 1:1 1:2 1 1 1:1 1:2 1:1 1 1 1 1:2 1 1 12 12 13 12 13 13 13 13 12 12 13 13 12 12 13 12 12 12 12 12 13 12 13 13 12 13 13 13 12 12 12 13 12 12 13 12 12 12 12 12 13 13 13 13 13 12 n n n n n n n n n n n n n n n
1:1 1:1 1 1:1 1:1 1 1:1 1:2 1 1 1:1 1:1 1:1 1:2 12 12 14 14 14 14 14 14 14 14 14 14 14 14 14 12 12 14 14 14 14 14 14 14 14 14 14 14 14 14 12 12 14 14 14 14 14 14 14 14 14 14 14 14 14 12 n n n n n n n n n n n n n n n
1:1 1 1 1:2 1:2 1:2 1 1:2 1 1:1 1 1 1 1:1 12 12 14 14 14 14 14 14 14 14 14 14 14 14 14 13 12 14 14 14 14 14 14 14 14 14 14 14 14 14 13 13 14 14 14 14 14 14 14 14 14 14 14 14 14 12 n n n n n n n n n n n n n n n
1:2 1:1 1 1:2 1:2 1:1 1:1 1:1 1 1:1 1 1 1:1 1 12 12 14 14 14 14 14 14 14 14 14 14 14 14 14 13 12 14 14 14 14 14 14 14 14 14 14 14 14 14 13 12 14 14 14 14 14 14 14 14 14 14 14 14 14 12 n n n n n n n n n n n n n n n
1:1 1:2 1:2 1 1:2 1 1 1:1 1 1 1:2 1:2 1:1 1 12 12 14 14 14 14 14 14 14 14 14 14 14 14 14 13 12 14 14 14 14 14 14 14 14 14 14 14 14 14 13 13 14 14 14 14 14 14 14 14 14 14 14 14 14 13 n n n n n n n n n n n n n n n
1:1 1:1 1 1 1:2 1:1 1 1:1 1 1 1:1 1:1 1 1:2 12 12 14 14 14 14 14 14 14 14 14 14 14 14 14 14 14 14 14 14 14 14 14 14 14 14 14 14 14 14 14 14 14 14 14 14 14 14 14 14 14 14 14 14 14 13 n n n n n n n n n n n n n n n
1:2 1 1:2 1:1 1 1:1 1:2 1 1 1 1:2 1:2 1:1 1 12 12 14 14 14 14 14 14 14 14 14 14 14 14 14 14 14 14 14 14 14 14 14 14 14 14 14 14 14 14 14 14 14 14 14 14 14 14 14 14 14 14 14 14 14 13 n n n n n n n n n n n n n n n
1 1 1:1 1 1 1:2 1:1 1 1:1 1 1:2 1:1 1:1 1:2 12 12 14 14 14 14 14 14 14 14 14 14 14 14 14 14 14 14 14 14 14 14 14 14 14 14 14 14 14 14 14 14 14 14 14 14 14 14 14 14 14 14 14 14 14 12 n n n n n n n n n n n n n n n
1 1:2 1 1:1 1:1 1:1 1 1:2 1:2 1:1 1 1:1 1 1:2 12 12 14 14 14 14 14 14 14 14 14 14 14 14 14 14 14 14 14 14 14 14 14 14 14 14 14 14 14 14 14 14 14 14 14 14 14 14 14 14 14 14 14 14 14 12 n n n n n n n n n n n n n n n
1:2 1:2 1:2 1:1 1:2 1 1 1 1 1:2 1:2 1:1 1:2 1:1 12 12 14 14 14 14 14 14 14 14 14 14 14 14 14 14 14 14 14 14 14 14 14 14 14 14 14 14 14 14 14 14 14 14 14 14 14 14 14 14 14 14 14 14 14 12 n n n n n n n n n n n n n n n
1:1 1 1 1 1 1 1:2 1 1:2 1 1 1:1 1 1 12 12 14 14 14 14 14 14 14 14 14 14 14 14 14 12 12 14 14 14 14 14 14 14 14 14 14 14 14 14 12 13 14 14 14 14 14 14 14 14 14 14 14 14 14 13 n n n n n n n n n n n n n n n
1:2 1:1 1 1:2 1 1:1 1:2 1:1 1:1 1 1 1 1 2 12 12 14 14 14 14 14 14 1:2 1 14 14 14 14 14 13 12 14 14 14 14 14 14 14 14 14 14 14 14 14 12 12 14 14 14 14 14 14 14 14 14 14 14 14 14 12 n n n n n n n n n n n n n n n
1 1 1 1 1:1 1:1 1:1 1:2 1:2 1:2 1:2 1:2 1 2 12 12 14 14 14 14 12 12 1:2 1 1 1 1:1 14 14 12 12 14 14 14 14 14 14 14 14 14 14 14 14 14 13 12 14 14 14 14 14 14 14 14 14 14 14 14 14 13 n n n n n n n n n n n n n n n
1 1:2 1 1 2 1 1:1 1 1 1:2 1 1 1:2 2 12 12 14 14 14 14 12 12 1:1 1:2 1 1:1 1 1:1 14 12 12 14 14 14 14 14 14 14 14 14 14 14 14 14 12 12 14 14 14 14 14 14 14 14 14 14 14 14 14 13 n n n n n n n n n n n n n n n
1 1:2 1:2 1 2 2 2 2 1:2 1 1 2 2 2 12 12 12 12 12 12 12 12 1 1 1 1:1 1:1 1:2 1 12 12 13 13 12 13 14 14 14 14 14 12 13 13 12 13 12 12 13 13 12 14 14 14 14 14 12 12 12 13 13 n n n n n n n n n n n n n n n
1:2 1 1:1 1:1 1 2 2 2 2 2 2 2 2 2 12 12 12 12 12 12 12 12 1 1 1 1:1 1 1 1:2 1 13 12 12 13 12 14 14 14 14 14 12 13 13 12 13 13 13 13 12 13 14 14 14 14 14 12 12 12 13 13 13 12 13 12 13 12 13 13 13 12 12 12 12 13 13
1 1:2 1 1 1 2 2 2 2 2 2 2 2 2 2 2 2 2 2 2 1:2 1:1 1:2 1 1:1 1:1 2 2 2 1 13 14 14 14 14 14 14 14 14 14 14 14 14 14 12 13 14 14 14 14 14 14 14 14 14 14 14 14 14 12 12 14 14 14 14 14 14 14 14 14 14 14 14 14 13
1 1 1:1 1:2 1 1 1:2 2 2 2 2 2 2 2 2 2 2 2 2 2 1:2 1:1 1 1 1:1 1 2 2 2 2 12 14 14 14 14 14 14 14 14 14 14 14 14 14 12 13 14 14 14 14 14 14 14 14 14 14 14 14 14 13 12 14 14 14 14 14 14 14 14 14 14 14 14 14 12
1 1:2 1 1:1 1 1 1:2 1:2 1 1 1 2 2 2 2 2 2 1:2 1:2 1:2 1 1:2 1 1:2 1:1 1 1 2 2 2 13 14 14 14 14 14 14 14 14 14 14 14 14 14 12 12 14 14 14 14 14 14 14 14 14 14 14 14 14 13 13 14 14 14 14 14 14 14 14 14 14 14 14 14 12
1:1 1 3 1 1:1 1 1:1 1:1 1 1 1:1 1:1 1:1 1 1 1:1 1 1:2 1:2 1 1 1 1:2 1:2 1:1 1 1 2 2 2 13 14 14 14 14 14 14 14 14 14 14 14 14 14 13 13 14 14 14 14 14 14 14 14 14 14 14 14 14 12 12 14 14 14 14 14 14 14 14 14 14 14 14 14 12
3 1:1 3 3 1:2 1:1 1:2 2 1:2 1:1 1:2 1:2 1 1:1 1:2 1:2 1 1 1:2 3 1:1 1 1:1 1:2 1 1:2 1 1:1 2 2 12 14 14 14 14 14 14 14 14 14 14 14 14 14 14 14 14 14 14 14 14 14 14 14 14 14 14 14 14 14 14 14 14 14 14 14 14 14 14 14 14 14 14 14 13
3 3 3 3 1:2 1 2 2 2 17 17 1:2 1:1 1 1:1 1:1 3 3 3 3 1:2 1:1 1 1 1 1:2 1 1:1 2 2 12 14 14 14 14 14 14 14 14 14 14 14 14 14 14 14 14 14 14 14 14 14 14 14 14 14 14 14 14 14 14 14 14 14 14 14 14 14 14 14 14 14 14 14 13
3 3 3 3 3 1 2 2 17 17 17 17 1:2 1 1:1 3 3 1:1 1:1 1:2 1:1 1 1 1 1:1 1:1 1:1 1:2 2 2 12 14 14 14 14 1:2 14 14 14 14 14 14 14 14 14 14 14 14 14 14 14 14 14 14 14 14 14 14 14 14 14 14 14 14 14 14 14 14 14 14 14 14 14 14 12
3 3 3 3 3 1:2 1:2 2 17 17 17 17 2 1:2 1 3 1:2 1:2 1:1 1 1:1 1 1 1 1:1 1 1:1 1 2 1 13 14 14 14 14 14 14 1:2 14 14 14 14 14 14 14 14 14 14 14 14 14 14 14 14 14 14 14 14 14 14 14 14 14 14 14 14 14 14 14 14 14 14 14 14 13
3 3 3 3 3 1 1:1 2 17 17 17 17 2 2 3 3 1 1:1 1 1 1:1 1 1 1:2 1 1 1 1:2 1:1 1 13 14 14 14 1:2 1 1 1 1 14 14 14 14 14 14 14 14 14 14 14 14 14 14 14 14 14 14 14 14 14 14 14 14 14 14 14 14 14 14 14 14 14 14 14 13
3 3 3 3 3 3 1 1:2 17 17 17 17 2 2 3 1 1:2 1 1:2 1:1 1 1:1 1 1 1 1 1 1:1 1 1 12 14 14 14 14 14 1:2 1 1 14 14 14 14 14 12 12 14 14 14 14 14 14 14 14 14 14 14 14 14 12 13 14 14 14 14 14 14 14 14 14 14 14 14 14 12
1 3 3 3 3 3 1 1 1 17 17 2 2 1 3 1 1:2 1 1 1:2 1:2 1 1 1 1 1:1 1 1:1 1 1 13 14 14 14 14 1 1 1 1 1 14 14 14 14 13 13 14 14 14 14 14 14 14 14 14 14 14 14 14 13 12 14 14 14 14 14 14 14 14 14 14 14 14 14 12
1 1:2 3 3 3 1:1 1:2 1 1:1 1:2 2 2 2 3 3 1:1 1:2 1:1 1 2 2 1:2 1 1:1 1 1 1 1 1 1:1 12 14 14 14 1 1:2 1 1 1 1 14 14 14 14 13 13 14 14 14 14 14 14 14 14 14 14 14 14 14 12 12 14 14 14 14 14 14 14 14 14 14 14 14 14 12
1:2 1:2 3 3 3 1:2 1 1:1 1 1 1 2 1 3 1:2 1:1 1:2 1:1 2 2 2 2 1:2 1 1:2 1 1 1:1 1 1:2 12 14 14 14 14 1 1:1 1:2 1:2 14 14 14 14 14 13 12 14 14 14 14 14 14 14 14 14 14 14 14 14 12 13 14 14 14 14 14 14 14 14 14 14 14 14 14 13
1:2 1:2 1 3 1 1 1 1 1 1 1:1 1:1 1 3 1:2 2 2 2 2 2 2 2 1:2 1 1 1:1 1:1 1 1:2 1:2 12 13 12 13 12 1 1 1 1 14 12 13 13 13 12 13 12 12 12 12 14 14 14 14 14 12 12 13 12 13 12 13 13 13 12 14 14 14 14 14 12 13 13 13 13
3 1 1:1 3 1 12 12 12 12 12 1:2 1:2 1 3 2 2 2 2 2 2 2 2 1 1:2 1 1 1 1 1:2 12 12 13 13 12 13 1:2 1:2 1 1:1 1:1 13 13 12 12 13 13 12 13 12 13 14 14 14 14 14 13 12 13 12 13 12 13 12 12 12 14 14 14 14 14 12 13 12 12 13
3 3 1:2 1 1 12 5 5 5 12 1 1 1:2 3 2 2 2 2 2 2 2 2 1 1:1 1 1 1 1 1 13 12 1 1:1 1 1:1 1 1:1 1:1 1 1 1:1 1 1:1 14 12 13 14 14 14 14 14 14 14 14 14 14 14 14 14 13 12 14 14 14 14 14 14 14 14 14 14 14 14 14 12
3 3 1 1:2 1:1 12 5 5 5 12 1 1 3 3 2 2 2 2 2 2 1 1 1:1 1 1:1 1 1:2 1 1:1 13 13 1:1 1 1 1 1 1:1 1:2 1 1:2 1 1 1 1:1 13 13 14 14 14 14 14 14 14 14 14 14 14 14 14 13 13 14 14 14 14 14 14 14 14 14 14 14 14 14 12
3 3 1 1:1 1 12 5 5 12 12 1 3 3 1:2 1:1 2 2 2 2 1 1:2 1:1 1 1:2 1 1:2 1:2 1 13 13 12 13 15 15 15 15 15 2 1 15 15 15 1 1:1 12 13 14 1:1 1 14 14 14 14 14 14 14 14 14 14 12 13 14 14 14 14 14 14 14 14 14 14 14 14 14 13
3 3 3 1:1 1:2 12 5 5 5 5 3 3 1 1:2 1 1 1 1 1 1:1 1 1:2 1 1:1 1 1 1 13 13 13 12 13 13 13 13 13 15 2 1 15 13 15 1 1 13 13 1 1:1 1:2 1:2 14 14 14 14 14 14 14 14 14 13 12 14 14 14 14 14 14 14 14 14 14 14 14 14 12
4 3 3 1:1 1:2 12 5 5 12 12 1:2 1:2 1:1 1:2 1 1 1:1 1:2 1:2 1 1 0 1 1:2 1 2 13 13 13 12 13 13 15 15 15 15 15 2 2 15 13 15 1:2 1 1 1:2 1:1 1 1:1 1:1 14 1 14 14 14 14 14 14 14 14 14 14 14 14 14 14 14 14 14 14 14 14 14 14 13
4 3 3 1 1:2 12 5 5 5 12 1 1 1 0 1 1 0 2 1:2 1 0 0 1 1 2 2 12 13 2 2 12 13 2 2 2 2 2 2 2 15 13 15 1:2 1:1 1:2 1 1:1 1:1 1:1 1 1:1 1:2 14 14 14 14 14 14 14 14 14 14 14 14 14 14 14 14 14 14 14 14 14 14 12
4 4 3 3 1 12 5 5 5 12 1:2 1:2 1:2 0 0 0 2 2 1:1 1 1:1 1 1:1 1 2 2 2 2 2 2 12 13 2 2 2 2 2 2 2 15 13 15 1:2 1:1 1 1:1 1:2 14 1 1:2 14 1 1 14 14 14 14 14 14 14 14 14 14 14 14 14 14 14 14 14 14 14 14 14 12
4 4 3 3 3 12 12 12 12 12 1:2 1:2 1 1 0 0 2 2 2 1:2 1 1 1:1 1 1 2 2 2 2 2 12 13 13 2 2 15 15 2 15 15 13 15 1:2 1 1 1:1 1:2 1 1:1 14 14 14 1 1:2 14 14 14 14 14 14 14 14 14 14 14 14 14 14 14 14 14 14 14 14 12
4 4 3 3 3 1 1:2 1:1 1 1:1 1:1 1:2 1:2 1 0 0 0 2 2 1 1:1 1:2 1 1:1 1 2 2 2 2 2 12 13 13 2 2 15 15 15 15 13 13 15 1 1:2 1 1:1 1:2 1 1 1:1 1 14 14 14 14 14 14 14 14 14 14 14 14 14 14 14 14 14 14 14 14 14 14 14 12
4 4 4 3 3 1:2 1:1 1 1:1 1 1:1 1:2 1:1 1:2 1:1 0 0 2 2 1 1:1 1:2 1 1:2 1:1 1 2 2 14 12 12 13 2 2 2 15 15 2 15 15 15 15 1 1 13 12 1 14 1 1 14 14 14 14 14 14 14 14 14 13 13 14 14 14 14 14 14 14 14 14 14 14 14 14 12
4 4 4 3 3 1:2 1 1 2 1:1 1 1 1 1:1 1 1 0 0 2 2 1 1 1:2 1:2 1:2 1 1 14 14 13 13 2 2 2 2 2 2 2 2 2 2 2 2 1:1 13 13 14 14 14 1 14 14 14 14 14 14 14 14 14 13 12 14 14 14 14 14 14 14 14 14 14 14 14 14 12
4 4 4 3 3 3 1:1 2 2 2 1:2 1:2 1:1 1:2 1:2 1:1 1:2 0 2 2 1 1 1:1 1 1:1 14 14 14 15 12 12 2 2 2 2 2 2 2 2 2 2 2 2 14 12 12 14 14 14 14 14 14 14 14 14 14 14 14 14 12 13 14 14 14 14 14 14 14 14 14 14 14 14 14 13
4 4 4 3 3 3 2 2 2 2 2 2 1 1:2 1:2 1:1 1:2 0 0 2 2 1:2 1 1 14 14 14 15 15 12 13 2 2 2 2 2 2 2 2 2 2 2 14 14 13 13 14 14 14 14 14 15 14 14 14 14 14 14 14 13 13 14 14 14 14 14 14 14 14 14 14 14 14 14 13
4 4 4 4 3 3 2 12 12 12 12 12 12 1:1 1 12 12 12 12 12 2 2 1 14 14 14 14 15 15 13 13 13 12 13 13 2 2 2 2 2 12 13 13 13 13 13 12 12 13 13 15 15 14 14 14 12 12 12 12 12 12 13 13 13 13 12 12 12 13 12 13 13 12 12 12
4 4 4 4 3 3 3 12 12 12 12 12 12 1 1 12 12 12 12 12 15 2 2 2 14 14 15 15 15 12 12 13 12 12 13 2 2 2 2 2 12 13 13 12 12 12 13 13 13 13 15 15 15 14 14 13 12 13 12 12 n n n n n n n n n n n n n n n
4 4 4 4 3 3 3 1 1:2 12 12 1 1:1 1:1 1 1 1 12 12 15 15 2 2 14 14 15 15 15 15 15 15 14 2 2 2 2 2 2 2 2 2 14 15 15 12 12 14 14 15 15 15 15 15 14 14 15 15 15 15 13 n n n n n n n n n n n n n n n
4 4 4 4 3 3 3 1:2 1:2 12 12 1:1 1 1 1 1:2 1 12 12 15 2 14 14 14 14 14 14 15 15 14 14 2 2 2 2 2 2 2 2 2 2 2 14 15 13 12 14 15 15 15 14 15 14 14 15 15 15 15 15 13 n n n n n n n n n n n n n n n
4 4 4 4 3 3 3 1 1 12 12 1 1 1 1:1 1:1 1 12 12 15 14 14 14 14 14 14 14 14 14 14 14 2 2 2 2 2 2 2 14 2 2 2 14 15 13 12 14 15 14 14 14 14 14 14 14 14 15 15 14 12 n n n n n n n n n n n n n n n
4 4 4 4 3 3 3 3 1 1:2 1 1 1:1 1:2 1:1 1:2 1:2 12 12 15 14 14 2 2 14 14 14 14 14 14 14 2 2 2 2 2 2 14 14 2 14 2 2 14 12 12 14 14 14 14 14 14 14 14 14 14 15 14 14 12 n n n n n n n n n n n n n n n
4 4 4 4 3 3 3 3 1:2 1 1 1 1 1:1 1 1 2 12 12 15 14 14 14 2 2 14 14 14 14 14 14 2 2 2 2 2 2 14 14 2 14 14 2 14 14 14 14 14 14 14 14 14 15 14 14 14 14 14 14 12 n n n n n n n n n n n n n n n
4 4 4 4 3 3 3 3 1 1:1 1 1 1 1 2 2 2 12 12 15 14 14 14 2 2 2 14 14 14 14 2 2 2 2 2 2 14 14 14 15 14 14 14 14 14 14 14 14 14 14 14 14 15 15 14 14 14 14 14 12 n n n n n n n n n n n n n n n
4 4 4 4 4 3 3 3 3 1 1:2 1:2 1 2 2 2 2 12 12 15 15 15 15 14 2 2 2 2 2 2 2 2 2 2 2 14 14 14 15 14 14 14 14 14 14 14 14 14 14 14 14 14 15 14 14 14 14 14 14 13 n n n n n n n n n n n n n n n
4 4 4 4 4 3 3 3 3 1:2 1:2 1:1 1 2 2 13 12 12 12 12 12 12 14 14 2 2 2 2 2 2 2 2 2 2 14 14 14 14 15 14 14 14 14 14 14 14 14 15 15 14 14 15 14 14 14 14 14 14 14 12 n n n n n n n n n n n n n n n
4 4 4 4 4 3 3 3 3 1:1 1:2 1 1 2 2 12 12 12 12 12 12 12 14 14 14 14 2 14 2 2 2 2 14 14 14 14 14 14 14 14 14 14 14 14 14 15 15 15 14 14 14 14 14 14 14 14 14 14 14 12 0 n n 0 0 n n n n n n n n n n
4 4 4 4 4 3 3 3 3 1:1 1:1 1 1 1 2 13 12 14 14 14 14 14 14 14 14 14 14 14 14 12 13 15 14 14 14 14 14 14 14 14 14 14 14 14 13 12 15 15 15 14 14 14 14 15 15 14 14 14 14 12 0 0 n 0 0 0 n n n n n n n n n
4 4 4 4 4 3 3 3 3 1:1 1:1 1:2 1:1 1:2 2 13 12 14 14 14 14 14 14 14 14 14 14 14 14 12 12 15 14 15 14 14 14 14 14 14 14 14 14 14 12 13 15 15 14 14 14 14 15 15 15 15 15 14 14 12 0 0 0 0 0 0 n n n n n n n n n
4 4 4 4 4 3 3 3 3 1 1 1 1:2 1 1 12 12 14 14 14 14 14 14 14 14 15 14 14 14 13 12 15 15 14 14 14 14 14 14 14 14 14 14 14 13 12 15 15 14 14 14 14 14 14 15 15 14 14 14 13 0 0 0 0 0 0 0 n n n n n n n n
4 4 4 4 4 3 3 3 3 1 1:1 1:2 1 1:2 1:2 13 12 14 14 14 14 14 14 14 14 15 15 14 14 12 12 15 15 15 14 14 14 15 14 14 14 14 14 14 13 12 15 14 14 15 14 14 14 14 15 14 14 14 14 13 0 0 0 0 0 0 n n n n n n n n n
4 4 4 4 4 3 3 3 3 1 1 1 1 1:1 1 13 12 13 12 12 14 14 14 14 15 13 13 12 13 13 13 13 13 13 13 14 15 15 15 14 13 12 12 12 13 12 13 13 12 12 12 13 12 13 12 12 13 13 12 12 0 0 0 0 0 n n n n n n n n n n
4 4 4 4 4 3 3 3 3 1:2 1 1 1:1 1:1 1 13 13 12 12 13 14 14 14 15 15 12 13 13 13 13 12 13 13 13 13 14 14 14 15 15 12 12 13 13 12 0 0 0 0 0 0 0 0 0 0 0 0 0 0 0 0 0 0 0 n n n n n n n n n n n
4 4 4 4 3 3 3 3 1:1 1:1 1 1 1:1 1:1 1:2 13 14 14 14 14 15 14 14 15 15 15 15 15 14 13 13 15 14 14 14 14 14 14 15 15 15 14 14 14 12 0 0 0 0 0 0 0 0 0 0 0 0 0 0 0 0 0 0 0 n n n n n n n n 0 n n
4 4 4 4 3 3 3 3 1 1 1 1:1 1 1:2 1 12 14 14 14 15 15 15 15 15 15 15 15 14 14 13 12 15 15 15 14 14 14 14 14 15 14 14 14 14 12 0 0 0 0 0 0 0 0 0 0 0 0 0 0 0 0 0 0 0 0 n n n n n n 0 0 n n
4 4 4 4 3 3 3 1 1:2 1:1 1 1 1 1 1:1 13 14 14 14 14 14 15 15 15 15 15 15 14 14 12 13 15 15 14 14 14 14 14 14 14 14 14 14 14 13 0 0 0 0 0 0 0 0 0 0 0 0 0 0 0 0 0 0 0 0 0 n n n n 0 0 0 0 n
4 4 4 3 3 3 3 1 1:2 1:2 1 1:2 1 1 1:2 12 14 14 14 14 14 14 15 15 14 15 15 14 14 13 12 15 14 14 14 14 14 14 14 14 14 14 14 14 13 0 0 0 0 0 0 0 0 0 0 0 0 0 0 0 0 0 0 0 0 0 0 n n 0 0 0 0 0 n
4 4 4 3 3 3 1:1 1 1:2 1 1:1 1 1:2 1 1:1 12 14 14 14 14 14 14 14 14 14 15 14 14 14 15 15 15 14 14 14 14 14 14 14 14 14 14 14 14 13 0 0 0 0 0 0 0 0 0 0 0 0 0 0 0 0 0 0 0 0 0 0 0 n 0 0 0 0 n n
4 4 3 3 1:2 1:2 1 1:1 1:2 1 1:2 1:1 1:1 1:2 1:1 13 14 14 14 14 14 14 14 14 14 14 14 14 14 14 15 14 14 14 14 14 14 14 14 14 14 14 14 14 12 0 0 0 0 0 0 0 0 0 0 0 0 0 0 0 0 0 0 0 0 0 0 0 0 0 0 0 0 0 n
4 4 3 3 1:2 1 1:1 1:1 1 1:2 1:2 1:2 1:1 1:1 1:1 13 14 14 14 14 14 14 14 14 14 14 14 14 14 14 14 14 14 14 14 14 14 14 14 14 14 14 14 14 12 0 0 0 0 0 0 0 0 0 0 0 0 0 0 0 0 0 0 0 0 0 0 0 0 0 0 0 0 n n
4 4 3 3 1:1 1 1:2 1 1 1 1:2 1 1 1:2 1 13 14 14 15 14 14 14 14 14 14 14 14 14 14 14 14 14 14 14 14 14 14 12 12 13 13 14 14 12 12 0 0 0 0 0 0 0 0 0 0 0 0 0 0 0 0 0 0 0 0 0 0 0 0 0 0 0 0 n n
4 3 3 1 1:2 1:2 1:1 1:1 1 1 1 1 1:2 1:1 1:2 13 14 14 15 15 14 14 14 14 14 14 14 14 14 14 14 14 14 14 14 14 14 12 15 15 13 14 14 13 12 0 0 0 0 0 0 0 0 0 0 0 0 0 0 0 0 0 0 0 0 0 0 0 0 0 0 0 n n n
4 3 3 1:1 1 1 1 1:1 1 1 1 1 1:1 1 1 12 14 14 14 15 15 14 14 14 14 14 14 14 14 13 13 15 14 14 14 14 14 12 15 14 14 14 14 15 12 0 0 0 0 0 0 0 0 0 0 0 0 0 0 0 0 0 0 0 0 0 0 0 0 0 0 0 n n n
3 3 3 1:2 1 1:2 1:1 1:2 1:2 1:2 1:1 1:2 1:1 1:2 1 12 14 15 15 15 15 15 15 14 14 14 14 14 14 12 13 15 14 14 14 14 14 13 15 14 14 14 14 15 12 0 0 0 0 0 0 0 0 0 0 0 0 0 0 0 0 0 0 0 0 0 0 0 0 0 0 0 n n n
3 3 3 1:2 1:2 1:2 1 1:2 1:1 1:1 1 1 1 1:1 1 12 14 14 15 15 14 14 15 14 14 14 14 14 14 13 12 15 14 14 14 14 14 13 15 14 14 14 14 15 13 0 0 0 0 0 0 0 0 0 0 0 0 0 0 0 0 0 0 0 0 0 0 0 0 0 0 n n n n
3 3 3 1:1 1:1 1 1:1 1:2 1 1:1 1:2 1 1 1:2 1:2 13 14 14 15 14 14 14 14 14 14 14 14 14 14 13 13 15 14 14 14 14 14 12 15 15 15 15 15 15 13 0 0 0 0 0 0 0 0 0 0 0 0 0 0 0 0 0 0 0 0 0 0 0 0 0 0 n n n n
3 3 1:1 1 1:2 1:1 1:2 1 1 1:2 1 1 1:2 1:2 1:2 13 13 12 12 13 13 13 13 13 13 13 12 13 13 13 12 13 12 13 12 13 13 13 13 12 12 12 12 12 12 0 0 0 0 0 0 0 0 0 0 0 0 0 0 0 0 0 0 0 0 0 0 0 0 0 n n n n n
