n n n n n n n n n n n n n n n n n n n n n n n n n 12 12 12 12 12 12 12 12 12 12 n n n n n n n n n n n n n n n n n n n n n n n n n
n n n n n n n n n n n n n n n n n n n n n n n n 12 12 14 14 14 14 14 14 14 14 12 12 n n n n n n n n n n n n n n n n n n n n n n n n
12 12 12 12 12 12 12 12 12 12 12 12 12 12 12 12 12 12 12 12 12 12 12 12 12 14 14 14 14 14 14 14 14 14 14 12 12 12 12 12 12 12 12 12 12 12 12 12 12 12 12 12 12 12 12 12 12 12 12 12
12 12 4 4 4 4 4 12 12 4 4 4 4 4 4 12 12 4 4 4 4 4 4 12 12 14 14 14 15 14 14 15 14 14 14 12 12 4 4 4 4 4 4 12 12 4 4 4 4 4 4 12 12 4 4 4 4 4 12 12
12 4 4 4 4 4 4 4 4 4 4 4 4 4 4 4 4 4 4 4 4 4 4 4 30:2 14 14 15 15 15 15 15 15 14 14 30 4 4 4 4 4 4 4 4 4 4 4 4 4 4 4 4 4 4 4 4 4 4 4 12
12 4 4 4 4 4 4 4 4 4 4 4 4 4 4 4 4 4 4 4 4 4 4 4 30:3 14 14 14 15 14 14 15 14 14 14 30 4 4 4 4 4 4 4 4 4 4 4 4 4 4 4 4 4 4 4 4 4 4 4 12
12 4 4 4 4 4 4 4 4 4 4 4 4 4 4 4 4 4 4 4 4 4 4 4 30 30 30:4 14 15 15 15 15 14 30 30:2 30 4 4 4 4 4 4 4 4 4 4 4 4 4 4 4 4 4 4 4 4 4 4 4 12
12 4 4 4 4 4 4 4 4 4 4 4 4 4 4 4 4 4 4 4 4 4 4 4 4 4 30:4 14 14 15 15 14 14 30:3 4 4 4 4 4 4 4 4 4 4 4 4 4 4 4 4 4 4 4 4 4 4 4 4 4 12
12 4 4 4 4 4 4 4 4 4 4 4 4 4 4 4 4 4 4 4 4 4 4 4 4 4 30 14 14 14 14 14 14 30:4 4 4 4 4 4 4 4 4 4 4 4 4 4 4 4 4 4 4 4 4 4 4 4 4 4 12
12 12 4 4 4 4 4 12 12 30:2 30:1 30:1 30:1 30:2 30:2 12 12 30 30 30 30:3 30:1 30 12 12 30 30 14 14 14 14 14 14 30:1 30:3 12 12 30 30:4 30 30 30 30:1 12 12 30:2 30 30 30 30:2 30 12 12 4 4 4 4 4 12 12
12 12 4 4 4 4 4 12 12 15 15 15 15 15 15 12 12 15 15 15 15 15 15 12 12 15 15 14 14 14 14 14 14 15 15 12 12 15 15 15 15 15 15 12 12 15 15 15 15 15 15 12 12 4 4 4 4 4 12 12
12 4 4 4 4 4 4 30:4 15 14 14 14 14 14 14 14 14 14 14 14 14 14 14 14 14 14 14 14 14 14 14 14 14 14 14 14 14 14 14 14 14 14 14 14 14 14 14 14 14 14 14 15 30 4 4 4 4 4 4 12
12 4 4 4 4 4 4 30:2 15 14 26 26 26 26 14 14 14 14 14 14 14 14 14 14 14 14 14 26 26 26 26 26 26 14 14 14 14 14 14 14 14 14 14 14 14 14 26 26 26 26 14 15 30 4 4 4 4 4 4 12
12 4 4 4 4 4 4 30:3 15 14 26 8 8 26 26 26 26 26 26 26 26 26 26 26 26 26 26 26 8 8 8 8 26 26 26 26 26 26 26 26 26 26 26 26 26 26 26 8 8 26 14 15 30:2 4 4 4 4 4 4 12
12 4 4 4 4 4 4 30 15 14 26 8 8 26 26 26 26 26 26 26 26 26 26 26 26 26 26 26 8 8 8 8 26 26 26 26 26 26 26 26 26 26 26 26 26 26 26 8 8 26 14 15 30 4 4 4 4 4 4 12
12 4 4 4 4 4 4 30:4 15 14 26 26 26 26 14 14 14 14 14 14 14 14 14 14 14 14 14 26 26 26 26 26 26 14 14 14 14 14 14 14 14 14 14 14 14 14 26 26 26 26 14 15 30 4 4 4 4 4 4 12
12 4 4 4 4 4 4 30:1 15 14 14 26 26 14 14 14 14 14 14 14 14 14 14 14 14 14 14 14 14 14 14 14 14 14 14 14 14 14 14 14 14 14 14 14 14 14 14 26 26 14 14 15 30:4 4 4 4 4 4 4 12
12 12 4 4 4 4 4 12 12 14 14 26 26 14 14 12 12 15 15 15 15 15 15 12 12 15 14 14 14 14 14 14 14 14 15 12 12 15 15 15 15 15 15 12 12 14 14 26 26 14 14 12 12 4 4 4 4 4 12 12
12 12 4 4 4 4 4 12 12 14 14 26 26 14 14 12 12 4 4 4 4 4 4 12 12 15 15 14 14 14 14 14 14 15 15 12 12 4 4 4 4 4 4 12 12 14 14 26 26 14 14 12 12 4 4 4 4 4 12 12
12 4 4 4 4 4 4 30:1 15 14 14 26 26 14 14 15 4 4 4 4 4 4 4 4 4 4 15 15 15 15 15 15 15 15 4 4 4 4 4 4 4 4 4 4 15 14 14 26 26 14 14 15 30 4 4 4 4 4 4 12
12 4 4 4 4 4 4 30:2 15 14 14 26 26 14 14 15 4 4 15 15 15 15 4 4 4 4 4 4 4 4 4 4 4 4 4 4 4 4 15 15 15 15 4 4 15 14 14 26 26 14 14 15 30 4 4 4 4 4 4 12
12 4 4 4 4 4 4 30:4 15 14 14 26 26 14 14 15 4 4 15 30 30:2 15 4 4 4 4 4 4 4 4 4 4 4 4 4 4 4 4 15 30:2 30 15 4 4 15 14 14 26 26 14 14 15 30:3 4 4 4 4 4 4 12
12 4 4 4 4 4 4 30:1 15 14 14 26 26 14 14 15 4 4 15 30 30 15 4 4 4 4 4 4 4 4 4 4 4 4 4 4 4 4 15 30 30:3 15 4 4 15 14 14 26 26 14 14 15 30:4 4 4 4 4 4 4 12
12 4 4 4 4 4 4 30 15 14 14 26 26 14 14 15 4 4 15 15 15 15 4 4 4 4 4 4 4 4 4 4 4 4 4 4 4 4 15 15 15 15 4 4 15 14 14 26 26 14 14 15 30:1 4 4 4 4 4 4 12
12 4 4 4 4 4 4 30 15 14 14 26 26 14 14 15 4 4 4 4 4 4 4 4 4 4 4 4 4 4 4 4 4 4 4 4 4 4 4 4 4 4 4 4 15 14 14 26 26 14 14 15 30:1 4 4 4 4 4 4 12
12 4 4 4 4 4 4 30:2 15 14 14 26 26 14 14 15 4 4 4 4 4 4 4 4 4 4 15 15 15 15 15 15 15 15 4 4 4 4 4 4 4 4 4 4 15 14 14 26 26 14 14 15 30:3 4 4 4 4 4 4 12
12 12 4 4 4 4 4 12 12 14 14 26 26 14 14 12 12 4 4 4 4 4 4 4 15 15 15 14 14 14 14 14 14 15 15 15 4 4 4 4 4 4 4 12 12 14 14 26 26 14 14 12 12 4 4 4 4 4 12 12
12 12 4 4 4 4 4 12 12 14 14 26 26 14 14 12 12 15 15 15 15 15 15 15 15 14 14 14 14 14 14 14 14 14 14 15 15 15 15 15 15 15 15 12 12 14 14 26 26 14 14 12 12 4 4 4 4 4 12 12
12 4 4 4 4 4 4 30 15 14 14 26 26 14 14 14 14 14 14 14 14 14 14 14 14 14 14 26 26 26 26 26 26 14 14 14 14 14 14 14 14 14 14 14 14 14 14 26 26 14 14 15 30 4 4 4 4 4 4 12
12 4 4 4 4 4 4 30 15 14 26 26 26 26 14 14 14 14 14 14 14 14 14 14 14 14 26 26 14 14 14 14 26 26 14 14 14 14 14 14 14 14 14 14 14 14 26 26 26 26 14 15 30:3 4 4 4 4 4 4 12
12 4 4 4 4 4 4 30 15 14 26 8 8 26 14 14 14 26 14 14 26 14 14 26 14 14 26 14 14 26 26 14 14 26 14 14 26 14 14 26 14 14 26 14 14 14 26 8 8 26 14 15 30 4 4 4 4 4 4 12
12 4 4 4 4 4 4 30 15 14 26 8 8 26 14 14 14 26 14 14 26 14 14 26 14 14 14 14 26 26 26 26 14 14 14 14 26 14 14 26 14 14 26 14 14 14 26 8 8 26 14 15 30 4 4 4 4 4 4 12
12 4 4 4 4 4 4 30 15 14 26 26 26 26 14 14 14 14 14 14 14 14 14 14 14 14 14 14 26 14 14 26 14 14 14 14 14 14 14 14 14 14 14 14 14 14 26 26 26 26 14 15 30:1 4 4 4 4 4 4 12
12 4 4 4 4 4 4 30 15 14 14 14 14 14 14 14 14 14 14 14 14 14 14 14 14 14 26 14 14 14 14 14 14 26 14 14 14 14 14 14 14 14 14 14 14 14 14 14 14 14 14 15 30:1 4 4 4 4 4 4 12
12 12 4 4 4 4 4 12 12 15 15 15 15 15 15 12 12 15 15 15 15 15 12 12 14 14 14 14 14 26 26 14 14 14 14 14 12 12 15 15 15 15 15 12 12 15 15 15 15 15 15 12 12 4 4 4 4 4 12 12
12 12 4 4 4 4 4 12 12 30:1 30 30 30 30:3 30 12 12 30:1 30 30:1 30 30:4 12 12 12 14 14 26 14 14 14 14 26 14 14 12 12 12 30 30 30 30 30 12 12 30 30:1 30:4 30 30:4 30:1 12 12 4 4 4 4 4 12 12
12 4 4 4 4 4 4 4 4 4 4 4 4 4 4 4 4 4 4 4 4 4 4 12 12 12 14 14 14 26 26 14 14 14 12 12 12 4 4 4 4 4 4 4 4 4 4 4 4 4 4 4 4 4 4 4 4 4 4 12
12 4 4 4 4 4 4 4 4 4 4 4 4 4 4 4 4 4 4 4 4 4 4 4 12 12 14 14 14 14 14 14 14 14 12 12 4 4 4 4 4 4 4 4 4 4 4 4 4 4 4 4 4 4 4 4 4 4 4 12
12 4 4 4 4 4 4 4 4 4 4 4 4 4 4 4 4 4 4 4 4 4 4 4 4 12 12 14 14 26 26 14 14 12 12 4 4 4 4 4 4 4 4 4 4 4 4 4 4 4 4 4 4 4 4 4 4 4 4 12
12 4 4 4 4 4 4 4 4 4 4 4 4 4 4 4 4 4 4 4 4 4 4 4 4 12 12 14 14 14 14 14 14 12 12 4 4 4 4 4 4 4 4 4 4 4 4 4 4 4 4 4 4 4 4 4 4 4 4 12
12 4 4 4 4 4 4 4 4 4 4 4 4 4 4 4 4 4 4 4 4 4 4 4 4 12 12 14 14 26 26 14 14 12 12 4 4 4 4 4 4 4 4 4 4 4 4 4 4 4 4 4 4 4 4 4 4 4 4 12
12 4 4 4 4 4 4 12 12 4 4 4 4 4 4 12 12 4 4 4 4 4 4 4 4 12 12 14 14 14 14 14 14 12 12 4 4 4 4 4 4 4 4 12 12 4 4 4 4 4 4 12 12 4 4 4 4 4 12 12
12 12 12 12 12 12 12 12 12 12 12 12 12 12 12 12 12 12 12 12 12 12 12 12 12 12 12 14 14 26 26 14 14 12 12 12 12 12 12 12 12 12 12 12 12 12 12 12 12 12 12 12 12 12 12 12 12 12 12 12
